69674 77482 35084 75767 54012 6375 20860 84673 71396 71824 57019 20591 87432
54634 3575 24688 73413 52262 94584 28222 40714 6122 26142 11347 54580 76207
464 8638 52506 51350 22316 6052 46750 9623 58924 39746 45280 7018 51350
81060 37782 25987 76408 44270 3951 80580 64845 80180 53560 65131 78793 48752
81626 27430 68244 91331 50756 40817 36198 29028 38731 20206 71598 90399 36474
34043 14006 77903 422 98720 60224 31774 47 26193 73372 29982 87922 73332
58379 24701 14199 25060 11536 52830 44074 88781 87266 86563 91069 74269 62317
90890 64713 25440 37314 32147 88687 18980 64680 23952 73367 42758 72104 49579
55908 61785 66611 40634 53957 75085 97603 65685 33045 6673 16732 72896 45915
55588 57681 48370 36952 16830 80114 32163 7767 84952 55609 19801 2683 12201
97341 18448 65628 8961 22164 90062 25215 57547 54654 25347 71300 33044 42007
60249 94862 69751 8433 84835 73684 28590 48585 30084 55463 73587 6944 90769
91772 33431 87167 42863 83269 56846 43794 54181 55282 24936 28877 72583 73085
